Window: 0
[125, 129, 130, 131, 133, 134, 135, 136, 137, 138, 139, 141, 142, 143, 145, 146, 147, 149, 153, 154, 155, 157, 158, 159, 160, 161, 162, 165, 166, 167, 169, 170, 173]
Window: 1
[177, 181, 182, 183, 185, 186, 187, 189, 190, 193, 194, 195, 197, 198, 199, 201, 202, 205, 206, 207, 209, 210, 211, 213, 214, 215, 217, 218, 219, 221, 222, 241, 242]
Window: 2
[269, 270, 271, 272, 273, 274, 275, 276, 277, 278, 279, 281, 282, 285, 286, 289, 290, 293, 294, 295, 296, 297, 298, 299, 300, 301, 302, 303, 305, 306, 307, 309, 313]
Window: 3
[317, 321, 322, 323, 324, 325, 326, 327, 329, 330, 333, 334, 335, 337, 338, 339, 341, 345, 346, 347, 349, 350, 351, 352, 353, 354, 355, 357, 358, 359, 361, 362, 381]
Window: 4
[409, 410, 411, 412, 413, 414, 415, 416, 417, 418, 419, 421, 422, 425, 426, 427, 429, 430, 433, 434, 435, 437, 438, 439, 440, 441, 442, 445, 446, 447, 449, 450, 453]
Window: 5
[457, 461, 462, 463, 465, 466, 467, 469, 470, 473, 474, 475, 477, 478, 479, 480, 481, 482, 483, 485, 486, 487, 489, 490, 491, 493, 494, 497, 498, 501, 502, 521, 522]
Window: 6
[549, 550, 551, 552, 553, 554, 555, 556, 557, 558, 559, 561, 562, 563, 565, 566, 569, 570, 573, 574, 575, 577, 578, 579, 580, 581, 582, 585, 586, 587, 589, 590, 593]
Window: 7
[597, 601, 602, 603, 605, 606, 607, 609, 610, 613, 614, 615, 617, 618, 619, 621, 622, 623, 625, 626, 627, 629, 630, 631, 633, 634, 637, 638, 641, 642, 645, 661, 662]
Window: 8
[689, 690, 691, 692, 693, 694, 695, 697, 698, 699, 701, 702, 705, 706, 707, 709, 710, 713, 714, 715, 717, 718, 719, 720, 721, 722, 723, 725, 726, 727, 729, 730, 733]
Window: 9
[737, 741, 742, 743, 745, 746, 747, 749, 753, 754, 755, 757, 758, 759, 760, 761, 762, 765, 766, 767, 769, 770, 771, 772, 773, 774, 777, 778, 781, 782, 785, 801, 802]
Window: 10
[829, 830, 831, 832, 833, 834, 835, 836, 837, 838, 839, 841, 842, 843, 845, 846, 847, 849, 853, 854, 855, 857, 858, 859, 860, 861, 862, 865, 866, 867, 869, 870, 873]
Window: 11
[877, 881, 882, 883, 885, 886, 887, 889, 890, 893, 894, 895, 897, 898, 899, 901, 902, 905, 906, 907, 909, 910, 911, 913, 914, 917, 918, 919, 921, 922, 925, 941, 942]
Window: 12
[965, 969, 970, 971, 973, 974, 975, 977, 978, 979, 981, 982, 983, 985, 986, 989, 990, 993, 994, 995, 996, 997, 998, 999, 1000, 1001, 1002, 1005, 1006, 1007, 1009, 1010, 1013]
Window: 13
[1017, 1021, 1022, 1023, 1024, 1025, 1026, 1027, 1029, 1030, 1033, 1034, 1035, 1037, 1038, 1039, 1041, 1045, 1046, 1047, 1049, 1050, 1051, 1053, 1054, 1055, 1057, 1058, 1059, 1061, 1062, 1081, 1082]
Window: 14
[1109, 1110, 1111, 1112, 1113, 1114, 1115, 1116, 1117, 1118, 1119, 1121, 1122, 1123, 1125, 1126, 1129, 1130, 1131, 1133, 1134, 1135, 1136, 1137, 1138, 1139, 1140, 1141, 1142, 1145, 1146, 1147, 1149]
Window: 15
[1157, 1161, 1162, 1163, 1164, 1165, 1166, 1167, 1169, 1170, 1173, 1174, 1175, 1176, 1177, 1178, 1179, 1180, 1181, 1185, 1186, 1187, 1189, 1190, 1191, 1192, 1193, 1194, 1195, 1197, 1198, 1201, 1221]
Window: 16
[1221, 1245, 1249, 1250, 1251, 1252, 1253, 1254, 1255, 1256, 1257, 1258, 1259, 1261, 1262, 1265, 1266, 1273, 1274, 1275, 1276, 1277, 1278, 1279, 1280, 1281, 1282, 1283, 1285, 1286, 1287, 1289, 1290]
Window: 17
[1297, 1301, 1302, 1303, 1305, 1306, 1307, 1309, 1313, 1314, 1315, 1317, 1318, 1319, 1321, 1322, 1323, 1325, 1326, 1327, 1329, 1330, 1331, 1332, 1333, 1334, 1337, 1338, 1341, 1342, 1345, 1361, 1362]
Window: 18
[1389, 1390, 1391, 1392, 1393, 1394, 1395, 1396, 1397, 1398, 1399, 1401, 1402, 1403, 1405, 1406, 1409, 1410, 1413, 1414, 1415, 1417, 1418, 1419, 1420, 1421, 1422, 1425, 1426, 1427, 1429, 1430, 1433]
Window: 19
[1437, 1441, 1442, 1443, 1445, 1446, 1447, 1449, 1450, 1453, 1454, 1455, 1457, 1458, 1459, 1461, 1462, 1465, 1466, 1467, 1468, 1469, 1470, 1471, 1473, 1474, 1477, 1478, 1481, 1482, 1485, 1501, 1502]
Window: 20
[1529, 1530, 1531, 1532, 1533, 1534, 1535, 1536, 1537, 1538, 1539, 1541, 1542, 1545, 1546, 1549, 1550, 1553, 1554, 1555, 1556, 1557, 1558, 1559, 1560, 1561, 1562, 1565, 1566, 1567, 1569, 1570, 1573]
Window: 21
[1577, 1581, 1582, 1583, 1585, 1586, 1587, 1589, 1593, 1594, 1595, 1597, 1598, 1599, 1601, 1602, 1603, 1605, 1606, 1607, 1608, 1609, 1610, 1611, 1612, 1613, 1614, 1615, 1617, 1618, 1621, 1641, 1642]
Window: 22
[1669, 1670, 1671, 1672, 1673, 1674, 1675, 1676, 1677, 1678, 1679, 1681, 1682, 1683, 1685, 1686, 1687, 1689, 1690, 1693, 1694, 1695, 1697, 1698, 1699, 1700, 1701, 1702, 1703, 1705, 1706, 1707, 1709]
Window: 23
[1717, 1721, 1722, 1723, 1725, 1726, 1727, 1733, 1734, 1735, 1737, 1738, 1739, 1741, 1742, 1745, 1746, 1747, 1748, 1749, 1750, 1751, 1752, 1753, 1754, 1757, 1758, 1759, 1761, 1762, 1765, 1781, 1782]
Window: 24
[1809, 1810, 1811, 1812, 1813, 1814, 1815, 1816, 1817, 1818, 1819, 1821, 1822, 1823, 1825, 1826, 1829, 1833, 1834, 1835, 1836, 1837, 1838, 1839, 1840, 1841, 1842, 1845, 1846, 1847, 1849, 1850, 1853]
Window: 25
[1857, 1861, 1862, 1863, 1864, 1865, 1866, 1867, 1869, 1873, 1874, 1875, 1877, 1878, 1879, 1880, 1881, 1882, 1885, 1886, 1887, 1888, 1889, 1890, 1891, 1892, 1893, 1894, 1895, 1897, 1898, 1901, 1921]
Window: 26
[1949, 1950, 1951, 1952, 1953, 1954, 1955, 1956, 1957, 1958, 1959, 1961, 1962, 1963, 1965, 1966, 1967, 1969, 1970, 1971, 1973, 1974, 1975, 1977, 1978, 1979, 1980, 1981, 1982, 1985, 1986, 1987, 1989]
Window: 27
[1997, 2001, 2002, 2003, 2005, 2006, 2007, 2009, 2013, 2014, 2015, 2017, 2018, 2019, 2021, 2022, 2025, 2026, 2027, 2029, 2030, 2031, 2033, 2034, 2035, 2037, 2038, 2039, 2041, 2042, 2045, 2061, 2062]
Window: 28
[2089, 2090, 2091, 2092, 2093, 2094, 2095, 2096, 2097, 2098, 2099, 2101, 2102, 2105, 2106, 2107, 2109, 2110, 2113, 2114, 2115, 2117, 2118, 2119, 2120, 2121, 2122, 2125, 2126, 2127, 2129, 2130, 2133]
Window: 29
[2137, 2141, 2142, 2143, 2144, 2145, 2146, 2147, 2149, 2150, 2153, 2154, 2155, 2157, 2158, 2159, 2161, 2165, 2166, 2167, 2169, 2170, 2171, 2172, 2173, 2174, 2175, 2177, 2178, 2179, 2181, 2182, 2201]
Window: 30
[2229, 2230, 2231, 2232, 2233, 2234, 2235, 2236, 2237, 2238, 2239, 2241, 2242, 2243, 2245, 2246, 2247, 2249, 2253, 2254, 2255, 2257, 2258, 2259, 2260, 2261, 2262, 2265, 2266, 2267, 2269, 2270, 2273]
Window: 31
[2277, 2281, 2282, 2283, 2285, 2286, 2287, 2289, 2293, 2294, 2295, 2297, 2298, 2299, 2301, 2302, 2305, 2306, 2307, 2308, 2309, 2310, 2311, 2313, 2314, 2317, 2318, 2319, 2321, 2322, 2325, 2341, 2342]
Window: 32
[2369, 2370, 2371, 2372, 2373, 2374, 2375, 2376, 2377, 2378, 2379, 2381, 2382, 2383, 2385, 2386, 2387, 2389, 2390, 2393, 2394, 2395, 2397, 2398, 2399, 2400, 2401, 2402, 2403, 2405, 2406, 2407, 2409]
Window: 33
[2417, 2421, 2422, 2423, 2424, 2425, 2426, 2427, 2428, 2433, 2434, 2435, 2437, 2438, 2439, 2441, 2445, 2446, 2447, 2449, 2450, 2451, 2452, 2453, 2454, 2455, 2457, 2458, 2459, 2461, 2462, 2481, 2482]
Window: 34
[2509, 2510, 2511, 2512, 2513, 2514, 2515, 2516, 2517, 2518, 2519, 2521, 2522, 2523, 2525, 2526, 2529, 2530, 2533, 2534, 2535, 2536, 2537, 2538, 2539, 2540, 2541, 2542, 2543, 2545, 2546, 2547, 2549]
Window: 35
[2557, 2561, 2562, 2563, 2565, 2566, 2567, 2569, 2573, 2574, 2575, 2577, 2578, 2579, 2581, 2582, 2585, 2586, 2587, 2589, 2590, 2591, 2593, 2594, 2595, 2597, 2598, 2599, 2601, 2602, 2605, 2621, 2622]
Window: 36
[2649, 2650, 2651, 2652, 2653, 2654, 2655, 2657, 2658, 2659, 2661, 2662, 2663, 2665, 2666, 2669, 2670, 2673, 2674, 2675, 2676, 2677, 2678, 2679, 2680, 2681, 2682, 2685, 2686, 2687, 2689, 2690, 2693]
Window: 37
[2697, 2701, 2702, 2703, 2704, 2705, 2706, 2707, 2709, 2713, 2714, 2715, 2716, 2717, 2718, 2719, 2720, 2721, 2722, 2725, 2726, 2727, 2729, 2730, 2731, 2733, 2734, 2735, 2737, 2738, 2739, 2741, 2761]
Window: 38
[2789, 2790, 2791, 2792, 2793, 2794, 2795, 2796, 2797, 2798, 2799, 2801, 2802, 2803, 2805, 2806, 2807, 2809, 2810, 2811, 2813, 2814, 2815, 2817, 2818, 2819, 2820, 2821, 2822, 2825, 2826, 2827, 2829]
Window: 39
[2837, 2841, 2842, 2843, 2845, 2846, 2847, 2853, 2854, 2855, 2857, 2858, 2859, 2860, 2861, 2865, 2866, 2867, 2868, 2869, 2870, 2871, 2872, 2873, 2874, 2877, 2878, 2879, 2881, 2882, 2885, 2901, 2902]
Window: 40
[2929, 2930, 2931, 2932, 2933, 2934, 2935, 2936, 2937, 2938, 2939, 2941, 2942, 2945, 2946, 2947, 2949, 2953, 2954, 2955, 2956, 2957, 2958, 2959, 2960, 2961, 2962, 2965, 2966, 2967, 2969, 2970, 2973]
Window: 41
[2977, 2981, 2982, 2983, 2985, 2986, 2987, 2989, 2990, 2993, 2994, 2995, 2997, 2998, 2999, 3000, 3001, 3002, 3005, 3006, 3007, 3009, 3010, 3011, 3012, 3013, 3014, 3015, 3017, 3018, 3021, 3041, 3042]
Window: 42
[3069, 3070, 3071, 3072, 3073, 3074, 3075, 3076, 3077, 3078, 3079, 3081, 3082, 3083, 3085, 3086, 3087, 3089, 3093, 3094, 3095, 3097, 3098, 3099, 3100, 3101, 3102, 3103, 3105, 3106, 3107, 3109, 3110]
Window: 43
[3117, 3121, 3122, 3123, 3125, 3126, 3127, 3129, 3133, 3134, 3135, 3137, 3138, 3139, 3141, 3142, 3145, 3146, 3147, 3148, 3149, 3150, 3151, 3153, 3154, 3157, 3158, 3159, 3161, 3162, 3165, 3181, 3182]
Window: 44
[3209, 3210, 3211, 3212, 3213, 3214, 3215, 3216, 3217, 3218, 3219, 3220, 3221, 3222, 3223, 3225, 3226, 3229, 3233, 3234, 3235, 3237, 3238, 3239, 3240, 3241, 3242, 3243, 3245, 3246, 3247, 3249, 3250]
Window: 45
[3257, 3261, 3262, 3263, 3265, 3266, 3267, 3269, 3273, 3274, 3275, 3277, 3278, 3279, 3281, 3282, 3283, 3285, 3286, 3287, 3288, 3289, 3290, 3291, 3293, 3294, 3297, 3298, 3301, 3302, 3305, 3321, 3322]
Window: 46
[3345, 3349, 3350, 3351, 3352, 3353, 3354, 3355, 3356, 3357, 3358, 3359, 3361, 3362, 3363, 3365, 3366, 3367, 3369, 3370, 3373, 3374, 3375, 3377, 3378, 3379, 3380, 3381, 3382, 3385, 3386, 3387, 3389]
Window: 47
[3397, 3401, 3402, 3403, 3404, 3405, 3406, 3407, 3413, 3414, 3415, 3417, 3418, 3419, 3420, 3421, 3422, 3423, 3425, 3426, 3427, 3429, 3430, 3431, 3432, 3433, 3434, 3435, 3437, 3438, 3441, 3442, 3461]
Window: 48
[3489, 3490, 3491, 3492, 3493, 3494, 3495, 3496, 3497, 3498, 3499, 3501, 3502, 3503, 3505, 3506, 3507, 3509, 3510, 3513, 3514, 3515, 3517, 3518, 3519, 3520, 3521, 3522, 3523, 3525, 3526, 3527, 3529]
Window: 49
[3537, 3541, 3542, 3543, 3544, 3545, 3546, 3547, 3549, 3550, 3553, 3554, 3555, 3557, 3558, 3559, 3560, 3561, 3562, 3563, 3565, 3566, 3567, 3569, 3570, 3571, 3573, 3574, 3575, 3577, 3578, 3581, 3601]
Window: 50
[3629, 3630, 3631, 3632, 3633, 3634, 3635, 3637, 3638, 3639, 3641, 3642, 3645, 3646, 3649, 3650, 3651, 3653, 3654, 3655, 3656, 3657, 3658, 3659, 3660, 3661, 3662, 3665, 3666, 3667, 3669, 3670, 3673]
Window: 51
[3677, 3681, 3682, 3683, 3684, 3685, 3686, 3687, 3689, 3693, 3694, 3695, 3697, 3698, 3699, 3700, 3701, 3702, 3703, 3705, 3706, 3707, 3709, 3710, 3711, 3712, 3713, 3714, 3715, 3717, 3718, 3721, 3741]
Window: 52
[3769, 3770, 3771, 3772, 3773, 3774, 3775, 3776, 3777, 3778, 3779, 3781, 3782, 3785, 3786, 3787, 3789, 3793, 3794, 3795, 3797, 3798, 3799, 3800, 3801, 3802, 3805, 3806, 3807, 3809, 3810, 3813, 3817]
Window: 53
[3817, 3821, 3822, 3823, 3824, 3825, 3826, 3827, 3829, 3830, 3833, 3834, 3835, 3837, 3838, 3839, 3840, 3841, 3842, 3843, 3845, 3846, 3847, 3849, 3850, 3851, 3852, 3853, 3854, 3857, 3858, 3861, 3881]
Window: 54
[3909, 3910, 3911, 3912, 3913, 3914, 3915, 3916, 3917, 3918, 3919, 3921, 3922, 3923, 3925, 3926, 3929, 3930, 3933, 3934, 3935, 3936, 3937, 3938, 3939, 3940, 3941, 3942, 3945, 3946, 3947, 3949, 3950]
Window: 55
[3957, 3961, 3962, 3963, 3964, 3965, 3966, 3967, 3969, 3973, 3974, 3975, 3977, 3978, 3979, 3981, 3982, 3985, 3986, 3987, 3988, 3989, 3990, 3991, 3993, 3994, 3997, 3998, 3999, 4001, 4002, 4021, 4022]
Window: 56
[4049, 4050, 4051, 4052, 4053, 4054, 4055, 4056, 4057, 4058, 4059, 4060, 4061, 4062, 4063, 4065, 4066, 4069, 4070, 4073, 4074, 4075, 4077, 4078, 4079, 4080, 4081, 4082, 4083, 4085, 4086, 4087, 4089]
Window: 57
[4097, 4101, 4102, 4103, 4104, 4105, 4106, 4107, 4109, 4113, 4114, 4115, 4117, 4118, 4119, 4121, 4122, 4125, 4126, 4127, 4129, 4130, 4131, 4132, 4133, 4134, 4135, 4137, 4138, 4139, 4141, 4142, 4161]
Window: 58
[4189, 4190, 4191, 4192, 4193, 4194, 4195, 4196, 4197, 4198, 4199, 4200, 4201, 4202, 4203, 4205, 4206, 4207, 4208, 4209, 4210, 4211, 4213, 4214, 4215, 4217, 4218, 4219, 4221, 4222, 4225, 4226, 4229]
Window: 59
[4237, 4241, 4242, 4243, 4245, 4246, 4247, 4249, 4253, 4254, 4255, 4257, 4258, 4259, 4260, 4261, 4262, 4265, 4266, 4267, 4269, 4270, 4271, 4273, 4274, 4277, 4278, 4281, 4282, 4301, 4302, 4313, 4321]
Window: 60
[4329, 4330, 4331, 4332, 4333, 4334, 4335, 4337, 4338, 4339, 4341, 4342, 4343, 4345, 4346, 4347, 4349, 4350, 4353, 4354, 4355, 4357, 4358, 4359, 4360, 4361, 4362, 4365, 4366, 4367, 4369, 4370, 4373]
Window: 61
[4377, 4381, 4382, 4383, 4384, 4385, 4386, 4387, 4393, 4394, 4395, 4397, 4398, 4399, 4400, 4401, 4402, 4403, 4405, 4406, 4407, 4408, 4409, 4410, 4411, 4412, 4413, 4414, 4415, 4417, 4418, 4421, 4441]
Window: 62
[4469, 4470, 4471, 4472, 4473, 4474, 4475, 4476, 4477, 4478, 4479, 4481, 4482, 4485, 4486, 4487, 4489, 4490, 4493, 4494, 4495, 4496, 4497, 4498, 4499, 4500, 4501, 4502, 4503, 4505, 4506, 4507, 4509]
Window: 63
[4517, 4521, 4522, 4523, 4524, 4525, 4526, 4527, 4533, 4534, 4535, 4537, 4538, 4539, 4540, 4541, 4542, 4545, 4546, 4547, 4549, 4550, 4551, 4552, 4553, 4554, 4557, 4558, 4559, 4561, 4562, 4581, 4582]
Window: 64
[4609, 4610, 4611, 4612, 4613, 4614, 4615, 4616, 4617, 4618, 4619, 4621, 4622, 4625, 4626, 4629, 4630, 4631, 4633, 4634, 4635, 4637, 4638, 4639, 4640, 4641, 4642, 4645, 4646, 4647, 4649, 4650, 4653]
Window: 65
[4657, 4661, 4662, 4663, 4665, 4666, 4667, 4669, 4670, 4673, 4674, 4675, 4677, 4678, 4679, 4681, 4685, 4686, 4687, 4689, 4690, 4691, 4692, 4693, 4694, 4697, 4698, 4699, 4701, 4702, 4705, 4721, 4722]
Window: 66
[4749, 4750, 4751, 4752, 4753, 4754, 4755, 4756, 4757, 4758, 4759, 4760, 4761, 4762, 4765, 4766, 4767, 4769, 4770, 4771, 4773, 4774, 4775, 4777, 4778, 4779, 4780, 4781, 4782, 4785, 4786, 4787, 4789]
Window: 67
[4797, 4801, 4802, 4803, 4805, 4806, 4807, 4809, 4810, 4813, 4814, 4815, 4816, 4817, 4818, 4819, 4821, 4825, 4826, 4827, 4828, 4829, 4830, 4831, 4832, 4833, 4834, 4837, 4838, 4841, 4842, 4861, 4862]
Window: 68
[4889, 4890, 4891, 4892, 4893, 4894, 4895, 4896, 4897, 4898, 4899, 4900, 4901, 4902, 4905, 4906, 4909, 4910, 4913, 4914, 4915, 4916, 4917, 4918, 4919, 4920, 4921, 4922, 4925, 4926, 4927, 4929, 4930]
Window: 69
[4937, 4941, 4942, 4943, 4944, 4945, 4946, 4947, 4949, 4950, 4953, 4954, 4955, 4957, 4958, 4959, 4961, 4965, 4966, 4967, 4969, 4970, 4971, 4972, 4973, 4974, 4975, 4977, 4978, 4979, 4981, 4982, 5001]
Window: 70
[5029, 5030, 5031, 5032, 5033, 5034, 5035, 5036, 5037, 5038, 5039, 5041, 5042, 5043, 5045, 5046, 5049, 5050, 5053, 5054, 5055, 5056, 5057, 5058, 5059, 5060, 5061, 5062, 5065, 5066, 5067, 5069, 5070]
Window: 71
[5081, 5082, 5083, 5085, 5086, 5087, 5089, 5093, 5094, 5095, 5097, 5098, 5099, 5101, 5102, 5105, 5106, 5107, 5108, 5109, 5110, 5111, 5112, 5113, 5114, 5115, 5117, 5118, 5119, 5121, 5122, 5141, 5142]
Window: 72
[5169, 5170, 5171, 5172, 5173, 5174, 5175, 5176, 5177, 5178, 5179, 5181, 5182, 5183, 5185, 5186, 5187, 5193, 5194, 5195, 5196, 5197, 5198, 5199, 5200, 5201, 5202, 5203, 5205, 5206, 5207, 5209, 5210]
Window: 73
[5221, 5222, 5223, 5225, 5226, 5227, 5229, 5233, 5234, 5235, 5237, 5238, 5239, 5241, 5242, 5245, 5246, 5247, 5248, 5249, 5250, 5251, 5252, 5253, 5254, 5255, 5257, 5258, 5259, 5261, 5262, 5281, 5282]
Window: 74
[5309, 5310, 5311, 5312, 5313, 5314, 5315, 5316, 5317, 5318, 5319, 5321, 5322, 5325, 5326, 5327, 5329, 5330, 5333, 5334, 5335, 5336, 5337, 5338, 5339, 5340, 5341, 5342, 5345, 5346, 5347, 5349, 5350]
Window: 75
[5357, 5361, 5362, 5363, 5364, 5365, 5366, 5367, 5369, 5373, 5374, 5375, 5377, 5378, 5379, 5381, 5382, 5385, 5386, 5387, 5388, 5389, 5390, 5391, 5392, 5393, 5394, 5397, 5398, 5401, 5402, 5421, 5422]
Window: 76
[5449, 5450, 5451, 5452, 5453, 5454, 5455, 5456, 5457, 5458, 5459, 5461, 5462, 5463, 5465, 5466, 5469, 5470, 5473, 5474, 5475, 5476, 5477, 5478, 5479, 5480, 5481, 5482, 5485, 5486, 5487, 5489, 5490]
Window: 77
[5497, 5501, 5502, 5503, 5504, 5505, 5506, 5507, 5508, 5509, 5510, 5513, 5514, 5515, 5517, 5518, 5519, 5521, 5525, 5526, 5527, 5529, 5530, 5531, 5532, 5533, 5534, 5535, 5537, 5538, 5541, 5542, 5561]
Window: 78
[5589, 5590, 5591, 5592, 5593, 5594, 5595, 5596, 5597, 5598, 5599, 5601, 5602, 5605, 5606, 5607, 5609, 5610, 5613, 5614, 5615, 5616, 5617, 5618, 5619, 5620, 5621, 5622, 5625, 5626, 5627, 5629, 5630]
Window: 79
[5637, 5641, 5642, 5643, 5644, 5645, 5646, 5647, 5653, 5654, 5655, 5657, 5658, 5659, 5660, 5661, 5662, 5663, 5665, 5666, 5667, 5669, 5670, 5671, 5672, 5673, 5674, 5675, 5677, 5678, 5681, 5701, 5721]
Window: 80
[5729, 5730, 5731, 5732, 5733, 5734, 5735, 5736, 5737, 5738, 5739, 5741, 5742, 5745, 5746, 5749, 5750, 5753, 5754, 5755, 5756, 5757, 5758, 5759, 5760, 5761, 5762, 5765, 5766, 5767, 5769, 5770, 5773]
Window: 81
[5777, 5781, 5782, 5783, 5785, 5786, 5787, 5793, 5794, 5795, 5796, 5797, 5798, 5799, 5801, 5805, 5806, 5807, 5809, 5810, 5811, 5812, 5813, 5814, 5815, 5817, 5818, 5819, 5821, 5822, 5841, 5842, 5861]
Window: 82
[5869, 5870, 5871, 5873, 5874, 5875, 5876, 5877, 5878, 5879, 5881, 5882, 5885, 5886, 5887, 5889, 5890, 5893, 5894, 5895, 5897, 5898, 5899, 5900, 5901, 5902, 5903, 5905, 5906, 5907, 5909, 5910, 5913]
Window: 83
[5917, 5921, 5922, 5923, 5925, 5926, 5927, 5933, 5934, 5935, 5937, 5938, 5939, 5941, 5942, 5945, 5946, 5947, 5949, 5950, 5951, 5952, 5953, 5954, 5955, 5957, 5958, 5959, 5961, 5962, 5965, 5981, 5982]
Window: 84
[6009, 6010, 6011, 6012, 6013, 6014, 6015, 6017, 6018, 6019, 6021, 6022, 6023, 6025, 6029, 6030, 6031, 6033, 6034, 6035, 6036, 6037, 6038, 6039, 6040, 6041, 6042, 6045, 6046, 6047, 6049, 6050, 6053]
Window: 85
[6057, 6061, 6062, 6063, 6065, 6066, 6067, 6069, 6070, 6073, 6074, 6075, 6077, 6078, 6079, 6081, 6082, 6083, 6085, 6086, 6087, 6088, 6089, 6090, 6091, 6092, 6093, 6094, 6095, 6097, 6098, 6101, 6121]
Window: 86
[6149, 6150, 6151, 6153, 6154, 6155, 6156, 6157, 6158, 6159, 6161, 6162, 6165, 6166, 6169, 6170, 6171, 6173, 6174, 6175, 6176, 6177, 6178, 6179, 6180, 6181, 6182, 6185, 6186, 6187, 6189, 6190, 6193]
Window: 87
[6197, 6201, 6202, 6203, 6204, 6205, 6206, 6207, 6209, 6210, 6213, 6214, 6215, 6217, 6218, 6219, 6220, 6221, 6222, 6225, 6226, 6227, 6228, 6229, 6230, 6231, 6232, 6233, 6234, 6237, 6238, 6241, 6261]
Window: 88
[6289, 6290, 6291, 6292, 6293, 6294, 6295, 6296, 6297, 6298, 6299, 6301, 6302, 6303, 6305, 6306, 6307, 6309, 6310, 6311, 6313, 6314, 6315, 6317, 6318, 6319, 6320, 6321, 6322, 6325, 6326, 6327, 6329]
Window: 89
[6337, 6341, 6342, 6343, 6345, 6346, 6347, 6349, 6350, 6353, 6354, 6355, 6357, 6358, 6359, 6360, 6361, 6362, 6363, 6365, 6366, 6367, 6369, 6370, 6371, 6372, 6373, 6374, 6375, 6377, 6378, 6381, 6401]
Window: 90
[6429, 6430, 6431, 6433, 6434, 6435, 6436, 6437, 6438, 6439, 6441, 6442, 6443, 6445, 6446, 6447, 6449, 6450, 6451, 6453, 6454, 6455, 6457, 6458, 6459, 6460, 6461, 6462, 6463, 6465, 6466, 6467, 6469]
Window: 91
[6477, 6481, 6482, 6483, 6485, 6486, 6487, 6489, 6490, 6493, 6494, 6495, 6497, 6498, 6499, 6501, 6502, 6505, 6506, 6507, 6508, 6509, 6510, 6511, 6513, 6514, 6517, 6518, 6521, 6522, 6525, 6541, 6542]
Window: 92
[6569, 6570, 6571, 6573, 6574, 6575, 6577, 6578, 6579, 6581, 6582, 6585, 6586, 6587, 6589, 6590, 6593, 6594, 6595, 6596, 6597, 6598, 6599, 6600, 6601, 6602, 6605, 6606, 6607, 6609, 6610, 6613, 6617]
Window: 93
[6617, 6621, 6622, 6623, 6625, 6626, 6627, 6629, 6633, 6634, 6635, 6637, 6638, 6639, 6640, 6641, 6642, 6643, 6645, 6646, 6647, 6649, 6650, 6651, 6653, 6654, 6655, 6657, 6658, 6661, 6662, 6681, 6682]
Window: 94
[6709, 6710, 6711, 6713, 6714, 6715, 6716, 6717, 6718, 6719, 6721, 6722, 6723, 6725, 6726, 6727, 6729, 6730, 6733, 6734, 6735, 6737, 6738, 6739, 6740, 6741, 6742, 6745, 6746, 6747, 6749, 6750, 6753]
Window: 95
[6757, 6761, 6762, 6763, 6765, 6766, 6767, 6769, 6770, 6773, 6774, 6775, 6777, 6778, 6779, 6781, 6785, 6786, 6787, 6789, 6790, 6791, 6792, 6793, 6794, 6797, 6798, 6799, 6801, 6802, 6805, 6821, 6822]
Window: 96
[6849, 6850, 6851, 6852, 6853, 6854, 6855, 6857, 6858, 6859, 6861, 6862, 6863, 6865, 6866, 6867, 6869, 6870, 6873, 6874, 6875, 6877, 6878, 6879, 6880, 6881, 6882, 6885, 6886, 6887, 6889, 6890, 6893]
Window: 97
[6897, 6901, 6902, 6903, 6905, 6906, 6907, 6909, 6913, 6914, 6915, 6917, 6918, 6919, 6920, 6921, 6922, 6925, 6926, 6927, 6928, 6929, 6930, 6931, 6933, 6934, 6937, 6938, 6941, 6942, 6945, 6961, 6962]
Window: 98
[6989, 6990, 6991, 6993, 6994, 6995, 6996, 6997, 6998, 6999, 7001, 7002, 7003, 7005, 7006, 7009, 7010, 7013, 7014, 7015, 7016, 7017, 7018, 7019, 7020, 7021, 7022, 7025, 7026, 7027, 7029, 7030, 7033]
Window: 99
[7037, 7038, 7041, 7042, 7043, 7044, 7045, 7046, 7047, 7049, 7050, 7053, 7054, 7055, 7057, 7058, 7059, 7061, 7062, 7065, 7066, 7067, 7069, 7070, 7071, 7072, 7073, 7074, 7075, 7077, 7078, 7081, 7101]
Window: 100
[7129, 7130, 7131, 7132, 7133, 7134, 7135, 7136, 7137, 7138, 7139, 7141, 7142, 7143, 7145, 7146, 7147, 7149, 7150, 7153, 7154, 7155, 7157, 7158, 7159, 7160, 7161, 7162, 7165, 7166, 7167, 7169, 7173]
Window: 101
[7177, 7181, 7182, 7183, 7185, 7186, 7187, 7189, 7193, 7194, 7195, 7197, 7198, 7199, 7201, 7202, 7205, 7206, 7207, 7208, 7209, 7210, 7211, 7212, 7213, 7214, 7217, 7218, 7221, 7222, 7225, 7241, 7242]
Window: 102
[7269, 7270, 7271, 7272, 7273, 7274, 7275, 7276, 7277, 7278, 7279, 7281, 7282, 7285, 7286, 7289, 7290, 7293, 7294, 7295, 7296, 7297, 7298, 7299, 7300, 7301, 7302, 7305, 7306, 7307, 7309, 7310, 7313]
Window: 103
[7317, 7321, 7322, 7323, 7325, 7326, 7327, 7329, 7330, 7333, 7334, 7335, 7337, 7338, 7339, 7341, 7345, 7346, 7347, 7349, 7350, 7351, 7352, 7353, 7354, 7357, 7358, 7359, 7361, 7362, 7365, 7381, 7382]
Window: 104
[7409, 7410, 7411, 7412, 7413, 7414, 7415, 7417, 7418, 7419, 7421, 7422, 7425, 7426, 7427, 7428, 7429, 7430, 7433, 7434, 7435, 7437, 7438, 7439, 7440, 7441, 7442, 7445, 7446, 7447, 7449, 7450, 7453]
Window: 105
[7457, 7461, 7462, 7463, 7464, 7465, 7466, 7467, 7469, 7470, 7473, 7474, 7475, 7477, 7478, 7479, 7480, 7481, 7485, 7486, 7487, 7489, 7490, 7491, 7492, 7493, 7494, 7495, 7497, 7498, 7501, 7521, 7522]
Window: 106
[7549, 7550, 7551, 7553, 7554, 7555, 7556, 7557, 7558, 7559, 7561, 7562, 7565, 7566, 7567, 7569, 7570, 7573, 7574, 7575, 7576, 7577, 7578, 7579, 7580, 7581, 7582, 7585, 7586, 7587, 7589, 7590, 7593]
Window: 107
[7597, 7601, 7602, 7603, 7605, 7606, 7607, 7609, 7610, 7613, 7614, 7615, 7617, 7618, 7619, 7620, 7621, 7622, 7625, 7626, 7627, 7629, 7630, 7631, 7633, 7634, 7635, 7637, 7638, 7641, 7642, 7661, 7662]
Window: 108
[7685, 7689, 7690, 7691, 7692, 7693, 7694, 7695, 7697, 7698, 7699, 7701, 7702, 7703, 7705, 7706, 7707, 7709, 7710, 7711, 7713, 7714, 7715, 7716, 7717, 7718, 7719, 7721, 7722, 7725, 7726, 7727, 7729]
Window: 109
[7737, 7741, 7742, 7743, 7745, 7746, 7747, 7749, 7753, 7754, 7755, 7757, 7758, 7759, 7760, 7761, 7762, 7765, 7766, 7767, 7768, 7769, 7770, 7771, 7773, 7774, 7775, 7777, 7778, 7781, 7782, 7801, 7802]
Window: 110
[7825, 7829, 7830, 7831, 7833, 7834, 7835, 7836, 7837, 7838, 7839, 7841, 7842, 7845, 7846, 7847, 7849, 7850, 7853, 7854, 7855, 7857, 7858, 7859, 7860, 7861, 7862, 7865, 7866, 7867, 7869, 7870, 7873]
Window: 111
[7877, 7881, 7882, 7883, 7885, 7886, 7887, 7889, 7893, 7894, 7895, 7897, 7898, 7899, 7900, 7901, 7902, 7903, 7905, 7906, 7907, 7908, 7909, 7910, 7911, 7913, 7914, 7917, 7918, 7921, 7922, 7941, 7942]
Window: 112
[7965, 7969, 7970, 7971, 7973, 7974, 7975, 7977, 7978, 7979, 7981, 7982, 7985, 7986, 7989, 7990, 7993, 7994, 7995, 7996, 7997, 7998, 7999, 8000, 8001, 8002, 8005, 8006, 8007, 8009, 8010, 8013, 8017]
Window: 113
[8017, 8018, 8021, 8022, 8023, 8025, 8026, 8027, 8033, 8034, 8035, 8037, 8038, 8039, 8041, 8045, 8046, 8047, 8049, 8050, 8051, 8052, 8053, 8054, 8055, 8057, 8058, 8059, 8061, 8062, 8065, 8081, 8082]
Window: 114
[8109, 8110, 8111, 8113, 8114, 8115, 8116, 8117, 8118, 8119, 8121, 8122, 8123, 8125, 8126, 8127, 8129, 8133, 8134, 8135, 8136, 8137, 8138, 8139, 8140, 8141, 8142, 8145, 8146, 8147, 8149, 8150, 8153]
Window: 115
[8157, 8161, 8162, 8163, 8164, 8165, 8166, 8167, 8169, 8173, 8174, 8175, 8177, 8178, 8179, 8181, 8182, 8185, 8186, 8187, 8189, 8190, 8191, 8193, 8194, 8197, 8198, 8199, 8201, 8202, 8205, 8221, 8222]
Window: 116
[8249, 8250, 8251, 8252, 8253, 8254, 8255, 8256, 8257, 8258, 8259, 8261, 8262, 8263, 8265, 8266, 8267, 8273, 8274, 8275, 8276, 8277, 8278, 8279, 8280, 8281, 8282, 8283, 8285, 8286, 8287, 8289, 8290]
Window: 117
[8297, 8301, 8302, 8303, 8305, 8306, 8307, 8309, 8310, 8313, 8314, 8315, 8317, 8318, 8319, 8321, 8322, 8325, 8326, 8327, 8329, 8330, 8331, 8333, 8334, 8335, 8337, 8338, 8341, 8342, 8345, 8361, 8362]
Window: 118
[8385, 8389, 8390, 8391, 8392, 8393, 8394, 8395, 8396, 8397, 8398, 8399, 8401, 8402, 8403, 8405, 8406, 8407, 8409, 8413, 8414, 8415, 8417, 8418, 8419, 8420, 8421, 8422, 8423, 8425, 8426, 8427, 8429]
Window: 119
[8437, 8441, 8442, 8443, 8445, 8446, 8447, 8449, 8453, 8454, 8455, 8457, 8458, 8459, 8461, 8462, 8463, 8465, 8466, 8467, 8468, 8469, 8470, 8471, 8473, 8474, 8477, 8478, 8481, 8482, 8485, 8501, 8502]
Window: 120
[8529, 8530, 8531, 8532, 8533, 8534, 8535, 8537, 8538, 8539, 8541, 8542, 8545, 8546, 8547, 8549, 8550, 8553, 8554, 8555, 8557, 8558, 8559, 8560, 8561, 8562, 8563, 8565, 8566, 8567, 8569, 8570, 8573]
Window: 121
[8577, 8581, 8582, 8583, 8585, 8586, 8587, 8589, 8590, 8593, 8594, 8595, 8596, 8597, 8598, 8599, 8600, 8601, 8602, 8603, 8605, 8606, 8607, 8609, 8610, 8611, 8612, 8613, 8614, 8617, 8618, 8621, 8641]
Window: 122
[8669, 8670, 8671, 8672, 8673, 8674, 8675, 8676, 8677, 8678, 8679, 8680, 8681, 8682, 8683, 8685, 8686, 8689, 8693, 8694, 8695, 8697, 8698, 8699, 8700, 8701, 8702, 8703, 8705, 8706, 8707, 8709, 8710]
Window: 123
[8717, 8718, 8721, 8722, 8723, 8724, 8725, 8726, 8727, 8729, 8730, 8733, 8734, 8735, 8737, 8738, 8739, 8741, 8742, 8745, 8746, 8747, 8749, 8750, 8751, 8752, 8753, 8754, 8755, 8757, 8758, 8761, 8781]
Window: 124
[8809, 8810, 8811, 8812, 8813, 8814, 8815, 8817, 8818, 8819, 8821, 8822, 8825, 8826, 8827, 8828, 8829, 8830, 8833, 8834, 8835, 8837, 8838, 8839, 8840, 8841, 8842, 8845, 8846, 8847, 8849, 8850, 8853]
Window: 125
[8857, 8861, 8862, 8863, 8865, 8866, 8867, 8869, 8873, 8874, 8875, 8877, 8878, 8879, 8881, 8885, 8886, 8887, 8888, 8889, 8890, 8891, 8892, 8893, 8894, 8895, 8897, 8898, 8901, 8902, 8905, 8921, 8922]
Window: 126
[8949, 8950, 8951, 8952, 8953, 8954, 8955, 8956, 8957, 8958, 8959, 8961, 8962, 8963, 8965, 8966, 8969, 8973, 8974, 8975, 8976, 8977, 8978, 8979, 8980, 8981, 8982, 8985, 8986, 8987, 8989, 8990, 8993]
Window: 127
[8997, 9001, 9002, 9003, 9004, 9005, 9006, 9007, 9009, 9010, 9013, 9014, 9015, 9017, 9018, 9019, 9021, 9025, 9026, 9027, 9029, 9030, 9031, 9033, 9034, 9037, 9038, 9039, 9041, 9042, 9045, 9057, 9058]
