;; Probabilities of unique (1-match) templates (normalized by q)

0.8735355962751578, 0.8696305196755783, 0.878341844397717, 0.8792430159206969, 0.878341844397717, 0.8720336437368579, 0.8819465304896366, 0.8756383298287774, 0.8774406728747371, 0.8831480925202764, 0.871432862721538, 0.8813457494743167, 0.8864523881045359, 0.8921598077500751, 0.8723340342445178, 0.8798437969360168, 0.8846500450585761, 0.878642234905377, 0.8756383298287774, 0.8813457494743167, 0.8798437969360168, 0.885851607089216, 0.8846500450585761, 0.8822469209972965, 0.878041453890057, 0.8708320817062181, 0.8747371583057976, 0.8804445779513368, 0.8819465304896366, 0.8864523881045359, 0.885250826073896, 0.8741363772904777, 0.8675277861219586, 0.8804445779513368, 0.8735355962751578, 0.8717332532291979, 0.8825473115049565, 0.8218684289576449, 0.8750375488134575, 0.8684289576449384, 0.8549113848002403, 0.878642234905377, 0.8735355962751578, 0.8801441874436767, 0.878642234905377, 0.8678281766296185, 0.8705316911985581, 0.8777410633823971, 0.8699309101832382, 0.8879543406428357, 0.8708320817062181, 0.8756383298287774, 0.8897566836887955, 0.8762391108440973, 0.8819465304896366, 0.8822469209972965, 0.8795434064283568, 0.885851607089216, 0.8654250525683388, 0.8777410633823971, 0.8750375488134575, 0.8834484830279363, 0.8819465304896366, 0.8801441874436767, 0.9528386902973865, 0.9378191649143887, 0.9387203364373686, 0.9459297086212076, 0.9447281465905677, 0.9387203364373686, 0.9417242415139682, 0.9402222889756684, 0.9462300991288676, 0.9453289276058876, 0.9408230699909883, 0.9543406428356864, 0.9489336136978072, 0.9597476719735656, 0.9414238510063082, 0.9513367377590868, 0.9441273655752478, 0.9468308801441875, 0.9492340042054671, 0.9408230699909883, 0.9396215079603485, 0.9564433763893061, 0.9468308801441875, 0.9474316611595074, 0.9480324421748273, 0.9339140883148093, 0.9423250225292881, 0.9477320516671673, 0.9543406428356864, 0.9480324421748273, 0.9471312706518474, 0.9483328326824872, 0.9438269750675878, 0.949834785220787, 0.9522379092820666, 0.9417242415139682, 0.9504355662361069, 0.8717332532291979, 0.9459297086212076, 0.9300090117152298, 0.9462300991288676, 0.9489336136978072, 0.9369179933914088, 0.9471312706518474, 0.9468308801441875, 0.9351156503454491, 0.9276058876539501, 0.9441273655752478, 0.9321117452688495, 0.9480324421748273, 0.9366176028837488, 0.9420246320216281, 0.9513367377590868, 0.9474316611595074, 0.9489336136978072, 0.9453289276058876, 0.9423250225292881, 0.9543406428356864, 0.950135175728447, 0.9378191649143887, 0.9483328326824872, 0.9534394713127066, 0.9516371282667467, 0.9435265845599279

;; Probabilities of 2-matches

0.10393511565034545, 0.10874136377290478, 0.1021327726043857, 0.09912886752778612, 0.1021327726043857, 0.10874136377290478, 0.10093121057374586, 0.10453589666566536, 0.09912886752778612, 0.09732652448182637, 0.10693902072694503, 0.10033042955842596, 0.09252027635926705, 0.09312105737458697, 0.10814058275758485, 0.09552418143586662, 0.09792730549714629, 0.10333433463502553, 0.10513667768098528, 0.09912886752778612, 0.09672574346650646, 0.09552418143586662, 0.0907179333133073, 0.09672574346650646, 0.10273355361970561, 0.1093421447882247, 0.1021327726043857, 0.10093121057374586, 0.1021327726043857, 0.09432261940522679, 0.09492340042054671, 0.10633823971162511, 0.11414839291078402, 0.09972964854310604, 0.10753980174226495, 0.11174526884950435, 0.09972964854310604, 0.1393811955542205, 0.10453589666566536, 0.1099429258035446, 0.12075698407930309, 0.10273355361970561, 0.10814058275758485, 0.10513667768098528, 0.09732652448182637, 0.1099429258035446, 0.1099429258035446, 0.09972964854310604, 0.10753980174226495, 0.09612496245118654, 0.1093421447882247, 0.09852808651246621, 0.09372183838990687, 0.10273355361970561, 0.10153199158906578, 0.09852808651246621, 0.10093121057374586, 0.09852808651246621, 0.11234604986482427, 0.10453589666566536, 0.10814058275758485, 0.09612496245118654, 0.09972964854310604, 0.09972964854310604, 0.04265545208771403, 0.05947732051667167, 0.055872634424752175, 0.05226794833283268, 0.04986482427155302, 0.05947732051667167, 0.056473415440072096, 0.05707419645539201, 0.049264043256233105, 0.0528687293481526, 0.058275758486031844, 0.04385701411835386, 0.049264043256233105, 0.03844998498047462, 0.05407029137879243, 0.04505857614899369, 0.05407029137879243, 0.05046560528687293, 0.04986482427155302, 0.05467107239411235, 0.056473415440072096, 0.04085310904175428, 0.048663262240913184, 0.04806248122559327, 0.049264043256233105, 0.06248122559327125, 0.055872634424752175, 0.05046560528687293, 0.04565935716431361, 0.04746170021027336, 0.049264043256233105, 0.04806248122559327, 0.053469510363472514, 0.04746170021027336, 0.04325623310303395, 0.056473415440072096, 0.04505857614899369, 0.11174526884950435, 0.05046560528687293, 0.06548513066987083, 0.05106638630219285, 0.049264043256233105, 0.06127966356263142, 0.05106638630219285, 0.05046560528687293, 0.06308200660859117, 0.06608591168519075, 0.0528687293481526, 0.06608591168519075, 0.05106638630219285, 0.060678882547311505, 0.05527185340943226, 0.046860919194953436, 0.04986482427155302, 0.049264043256233105, 0.0528687293481526, 0.05407029137879243, 0.04205467107239411, 0.04806248122559327, 0.05767497747071192, 0.04986482427155302, 0.04385701411835386, 0.04205467107239411, 0.05467107239411235

;; Probabilities of 3-matches

0.019825773505557226, 0.018023430459597478, 0.017122258936617604, 0.018023430459597478, 0.017122258936617604, 0.018023430459597478, 0.01441874436767798, 0.01622108741363773, 0.019825773505557226, 0.017122258936617604, 0.018023430459597478, 0.017122258936617604, 0.019825773505557226, 0.013517572844698107, 0.017122258936617604, 0.023430459597476718, 0.01622108741363773, 0.01441874436767798, 0.018023430459597478, 0.017122258936617604, 0.019825773505557226, 0.01622108741363773, 0.0207269450285371, 0.019825773505557226, 0.018023430459597478, 0.01622108741363773, 0.0207269450285371, 0.01622108741363773, 0.013517572844698107, 0.018023430459597478, 0.01622108741363773, 0.017122258936617604, 0.017122258936617604, 0.01622108741363773, 0.015319915890657855, 0.015319915890657855, 0.015319915890657855, 0.03244217482727546, 0.018023430459597478, 0.018023430459597478, 0.0207269450285371, 0.01622108741363773, 0.017122258936617604, 0.013517572844698107, 0.021628116551516974, 0.019825773505557226, 0.017122258936617604, 0.018924601982577352, 0.018924601982577352, 0.013517572844698107, 0.01622108741363773, 0.023430459597476718, 0.015319915890657855, 0.019825773505557226, 0.015319915890657855, 0.018023430459597478, 0.017122258936617604, 0.01441874436767798, 0.019825773505557226, 0.015319915890657855, 0.01441874436767798, 0.018023430459597478, 0.013517572844698107, 0.018924601982577352, 0.0045058576148993695, 0.0027035145689396217, 0.0054070291378792434, 0.0018023430459597476, 0.0054070291378792434, 0.0018023430459597476, 0.0018023430459597476, 0.0027035145689396217, 0.0045058576148993695, 0.0018023430459597476, 0.0009011715229798738, 0.0018023430459597476, 0.0018023430459597476, 0.0018023430459597476, 0.0045058576148993695, 0.003604686091919495, 0.0018023430459597476, 0.0027035145689396217, 0.0009011715229798738, 0.0045058576148993695, 0.0027035145689396217, 0.0027035145689396217, 0.0045058576148993695, 0.0045058576148993695, 0.0027035145689396217, 0.003604686091919495, 0.0018023430459597476, 0.0018023430459597476, 0.0, 0.0045058576148993695, 0.003604686091919495, 0.003604686091919495, 0.0027035145689396217, 0.0027035145689396217, 0.0045058576148993695, 0.0018023430459597476, 0.0045058576148993695, 0.015319915890657855, 0.003604686091919495, 0.0045058576148993695, 0.0027035145689396217, 0.0018023430459597476, 0.0018023430459597476, 0.0018023430459597476, 0.0027035145689396217, 0.0018023430459597476, 0.0063082006608591165, 0.0018023430459597476, 0.0018023430459597476, 0.0009011715229798738, 0.0027035145689396217, 0.0027035145689396217, 0.0018023430459597476, 0.0027035145689396217, 0.0018023430459597476, 0.0018023430459597476, 0.003604686091919495, 0.003604686091919495, 0.0018023430459597476, 0.0045058576148993695, 0.0018023430459597476, 0.0027035145689396217, 0.0063082006608591165, 0.0018023430459597476

;; Probabilities of 4-matches

0.0012015620306398318, 0.003604686091919495, 0.0024031240612796636, 0.003604686091919495, 0.0024031240612796636, 0.0012015620306398318, 0.0012015620306398318, 0.003604686091919495, 0.003604686091919495, 0.0024031240612796636, 0.003604686091919495, 0.0012015620306398318, 0.0012015620306398318, 0.0012015620306398318, 0.0024031240612796636, 0.0012015620306398318, 0.0012015620306398318, 0.003604686091919495, 0.0012015620306398318, 0.0024031240612796636, 0.003604686091919495, 0.0024031240612796636, 0.0024031240612796636, 0.0012015620306398318, 0.0012015620306398318, 0.003604686091919495, 0.0024031240612796636, 0.0024031240612796636, 0.0024031240612796636, 0.0012015620306398318, 0.003604686091919495, 0.0024031240612796636, 0.0012015620306398318, 0.003604686091919495, 0.003604686091919495, 0.0012015620306398318, 0.0024031240612796636, 0.004806248122559327, 0.0024031240612796636, 0.003604686091919495, 0.003604686091919495, 0.0024031240612796636, 0.0012015620306398318, 0.0012015620306398318, 0.0024031240612796636, 0.0024031240612796636, 0.0024031240612796636, 0.003604686091919495, 0.003604686091919495, 0.0024031240612796636, 0.003604686091919495, 0.0024031240612796636, 0.0012015620306398318, 0.0012015620306398318, 0.0012015620306398318, 0.0012015620306398318, 0.0024031240612796636, 0.0012015620306398318, 0.0024031240612796636, 0.0024031240612796636, 0.0024031240612796636, 0.0024031240612796636, 0.004806248122559327, 0.0012015620306398318, 0.0, 0.0, 0.0, 0.0, 0.0, 0.0, 0.0, 0.0, 0.0, 0.0, 0.0, 0.0, 0.0, 0.0, 0.0, 0.0, 0.0, 0.0, 0.0, 0.0, 0.0012015620306398318, 0.0, 0.0, 0.0, 0.0, 0.0, 0.0, 0.0, 0.0, 0.0, 0.0, 0.0, 0.0, 0.0, 0.0, 0.0, 0.0, 0.0012015620306398318, 0.0, 0.0, 0.0, 0.0, 0.0, 0.0, 0.0, 0.0, 0.0, 0.0012015620306398318, 0.0, 0.0, 0.0, 0.0, 0.0, 0.0, 0.0, 0.0, 0.0, 0.0, 0.0, 0.0, 0.0, 0.0, 0.0, 0.0

;; Probabilities of 5-matches

0.0015019525382997897, 0.0, 0.0, 0.0, 0.0, 0.0, 0.0015019525382997897, 0.0, 0.0, 0.0, 0.0, 0.0, 0.0, 0.0, 0.0, 0.0, 0.0, 0.0, 0.0, 0.0, 0.0, 0.0, 0.0015019525382997897, 0.0, 0.0, 0.0, 0.0, 0.0, 0.0, 0.0, 0.0, 0.0, 0.0, 0.0, 0.0, 0.0, 0.0, 0.0015019525382997897, 0.0, 0.0, 0.0, 0.0, 0.0, 0.0, 0.0, 0.0, 0.0, 0.0, 0.0, 0.0, 0.0, 0.0, 0.0, 0.0, 0.0, 0.0, 0.0, 0.0, 0.0, 0.0, 0.0, 0.0, 0.0, 0.0, 0.0, 0.0, 0.0, 0.0, 0.0, 0.0, 0.0, 0.0, 0.0, 0.0, 0.0, 0.0, 0.0, 0.0, 0.0, 0.0, 0.0, 0.0, 0.0, 0.0, 0.0, 0.0, 0.0, 0.0, 0.0, 0.0, 0.0, 0.0, 0.0, 0.0, 0.0, 0.0, 0.0, 0.0, 0.0, 0.0, 0.0, 0.0, 0.0, 0.0, 0.0, 0.0, 0.0, 0.0, 0.0, 0.0, 0.0, 0.0, 0.0, 0.0, 0.0, 0.0, 0.0, 0.0, 0.0, 0.0, 0.0, 0.0, 0.0, 0.0, 0.0, 0.0, 0.0, 0.0
