;; Probabilities of unique (1-match) templates (normalized by q^2)

0.9974836858992788, 0.9978334874516999, 0.9971530599137635, 0.9975503714377838, 0.9971699347914312, 0.9977926599387269, 0.9937033437943306, 0.9976604230083403, 0.9973865680192224, 0.9977395158733766, 0.9971319706654682, 0.9977259456490759, 0.9973976807076645, 0.9977292925582657, 0.9970113491749015, 0.9973704978411491, 0.9970125014210801, 0.9977420543115059, 0.9972064969521848, 0.9968498900131264, 0.9970937845321898, 0.9969148486872075, 0.9971582904209995, 0.9976485620417264, 0.9939681491059841, 0.9976968876625046, 0.9974516268404353, 0.9976959160798475, 0.9973282167946156, 0.9977406652220951, 0.996939179799533, 0.9977288857707229, 0.9974731615323544, 0.9968752426405745, 0.9972126410384308, 0.9965692719844945, 0.9972903332168777, 0.9977606797286713, 0.9974070578543279, 0.9971784615692949, 0.99739933620553, 0.9977264815964997, 0.9973414603188271, 0.9977642177407501, 0.9974667005461788, 0.9977835894936729, 0.9972259610710963, 0.9976264405250426, 0.9973662148203439, 0.9977134464978292, 0.997148755792385, 0.9973609729650742, 0.9973018897379142, 0.997878516601221, 0.9971089764681345, 0.9976238421042872, 0.9971591346267735, 0.9975206723259146, 0.9968761650752904, 0.9977075054219654, 0.9974961363981414, 0.99768106227438, 0.9974956668266945, 0.9973421274872447, 0.997379949798848, 0.9974634072580666, 0.9973010771933241, 0.9962395391252761, 0.997212188954215, 0.9976582084632248, 0.9970068079122539, 0.9975907742621913, 0.9970262392370248, 0.9977619229698886, 0.99666728496057, 0.9975270346106531, 0.9974256201858229, 0.997685386176518, 0.9966839676342394, 0.9976635854225486, 0.9973606227589784, 0.9977820032966147, 0.9974130570082043, 0.9975447459261396, 0.9972778674207865, 0.9975301395398258, 0.9973091028224397, 0.9976118351646377, 0.9971027917253337, 0.9975030655572684, 0.9971946902756629, 0.9973311076307203, 0.9970951908162902, 0.9975450799047948, 0.9973372046485194, 0.9974619823893771, 0.9972583171887563, 0.9974686569752979, 0.9973807695623018, 0.9974596860821056, 0.9974060730556178, 0.9976914199751198, 0.9972136142920484, 0.9975883344565901, 0.9939095686925804, 0.997744057697052, 0.9971437837831869, 0.9976409565903321, 0.9974567533511061, 0.9978562988465032, 0.9971303652874741, 0.9973504584895652, 0.9974334549356918, 0.9978488252586848, 0.9974082628084311, 0.9975237453476766, 0.9967957342220368, 0.9976472125809168, 0.9968674227599386, 0.9976195387596357, 0.9972710886328879, 0.997522165799585, 0.9974998737402092, 0.9973989603089428, 0.9974471227917237, 0.9978010082547295, 0.9974614795350432, 0.9975930619731319

;; Probabilities of 2-matches

0.0025059274134983803, 0.0021618841221000187, 0.002837020236978783, 0.0024429293843561653, 0.002819701497844105, 0.0022014466746867085, 0.004994802331735532, 0.00233283981238746, 0.00260510560481945, 0.002254060765981493, 0.0028562033490711187, 0.002269273090449481, 0.0025922096923611665, 0.0022650452402127163, 0.002976426130888823, 0.0026221215893030394, 0.002977642280841323, 0.0022519114139062405, 0.0027843397364407437, 0.003135136588563232, 0.002897067618742516, 0.003072944320827594, 0.0028310121040668198, 0.00234569353512369, 0.004732125573489371, 0.0022976828910370745, 0.00254020611644763, 0.002298877236453784, 0.002662111057093396, 0.0022542942374737026, 0.0030471317215578007, 0.002265933614411024, 0.002518719782339106, 0.0031120286984961353, 0.002778571948238835, 0.003414541086218899, 0.0027000470114215756, 0.0022331892582797778, 0.002584159430753918, 0.002813800107145963, 0.0025915508171862178, 0.0022669430891442332, 0.0026492281930558274, 0.0022301796266141335, 0.0025240984261823054, 0.0022119524358695016, 0.002762420515629687, 0.0023663367886246154, 0.0026256040669962386, 0.002280596259707484, 0.0028424366801640824, 0.0026319857698300624, 0.002688870423913422, 0.0021168631106405485, 0.0028811375382888516, 0.0023706502383960973, 0.0028311724869105196, 0.002472869010207184, 0.0031114195382578613, 0.0022868667195358786, 0.0024959686648543004, 0.002313394393890289, 0.0024948007369405643, 0.002650391303439723, 0.002613111424830986, 0.002529137713825444, 0.002689360640574547, 0.003741642878431478, 0.0027783236421960594, 0.0023344463585199776, 0.0029818228765463818, 0.0024018133536834237, 0.0029618650668180695, 0.0022334671231481786, 0.0033203270120551716, 0.0024658433854009842, 0.002564096235255135, 0.002307578771310261, 0.0032999849195811106, 0.0023292018447082143, 0.002630314210212247, 0.0022122867922610544, 0.002577642958641851, 0.00244893621274336, 0.002710583238228987, 0.0024627262410918515, 0.002683446098372123, 0.002382589094102012, 0.0028850887869311063, 0.0024912869842586153, 0.0027934043291458896, 0.0026604111409581784, 0.002894764927677345, 0.002448298131360262, 0.002654262758450715, 0.002530309852253064, 0.00273084306875591, 0.0025246575320735905, 0.002610666009831326, 0.0025332302235002856, 0.0025839089844156074, 0.0023021550506429783, 0.002777227399526289, 0.0024052073114645502, 0.004787007084764119, 0.0022513047114209634, 0.0028447604308429087, 0.0023541992198230777, 0.0025349496915952644, 0.0021391843105190876, 0.002860628165584344, 0.0026419726348560855, 0.0025586322447215927, 0.0021454946074135643, 0.0025827237389134386, 0.002470958869277286, 0.0031924418596762883, 0.00234714526065597, 0.0031202169902754882, 0.0023746304889917945, 0.002718838338894353, 0.0024714485918047252, 0.0024921582022826017, 0.0025928665770727694, 0.0025442413710854523, 0.002193332492205673, 0.0025289621624410815, 0.0024014116691474796

;; Probabilities of 3-matches

1.0125131986072756e-05, 4.628249960914639e-06, 9.535047084976373e-06, 6.687898551419233e-06, 1.0227180936358817e-05, 5.712912164697991e-06, 0.0003396291000154043, 6.734359445354937e-06, 8.420296107694277e-06, 6.423355134487531e-06, 1.1750895775885908e-05, 4.758701817076629e-06, 9.945299582392848e-06, 5.6593816947613076e-06, 1.2253497618947773e-05, 7.38056868595981e-06, 9.693930009061373e-06, 5.853365075688458e-06, 9.320298629057145e-06, 1.497339831003412e-05, 9.134400326827702e-06, 1.211111785408682e-05, 1.0859128057270055e-05, 5.721864535662325e-06, 0.00033716740112261384, 5.248977544058961e-06, 7.851741243070541e-06, 5.025509827801462e-06, 9.451627858030159e-06, 4.860070137399128e-06, 1.3613437934434174e-05, 5.180614866047416e-06, 7.785914805361584e-06, 1.271738158989508e-05, 8.71694704530996e-06, 1.6175649936376355e-05, 9.460880325300152e-06, 6.130919421757109e-06, 8.569386333088745e-06, 7.732683902795626e-06, 9.343020530520404e-06, 6.211105087942272e-06, 9.038935551664776e-06, 5.602632635772655e-06, 8.993118271965304e-06, 4.458070457556087e-06, 1.1480421710244834e-05, 7.222686246697164e-06, 8.00349419550324e-06, 5.95724246050417e-06, 8.592021547271009e-06, 7.04126509571853e-06, 9.455853362686687e-06, 4.620266108463915e-06, 9.912886726721168e-06, 5.507567820185032e-06, 9.50339290804884e-06, 6.458662501328512e-06, 1.2316615255167692e-05, 5.424830969642581e-06, 7.6060069154528665e-06, 5.362157858829638e-06, 9.704576837898147e-06, 7.480504358902301e-06, 7.147421455337488e-06, 7.453970662218223e-06, 9.353196930864973e-06, 1.8817996292402903e-05, 9.226201699449407e-06, 7.322596922451154e-06, 1.1214809355600628e-05, 7.412384125216063e-06, 1.1835111212733e-05, 4.6084529899214165e-06, 1.2143728651800559e-05, 7.122002524654294e-06, 1.0374708097982612e-05, 6.854406674195562e-06, 1.627145325534014e-05, 7.098347968725501e-06, 9.12879787162644e-06, 5.687176270734337e-06, 9.266420730521876e-06, 6.317861114353179e-06, 1.1332935674929388e-05, 7.132809164924821e-06, 7.413321685258148e-06, 5.575739668332587e-06, 1.2148173381474391e-05, 5.6417967894857285e-06, 1.213684573987562e-05, 8.481228298591446e-06, 1.0175107924128205e-05, 6.62196383251357e-06, 8.339722924003488e-06, 7.707670207203919e-06, 1.0674408893184367e-05, 6.68549176496489e-06, 8.464162512620012e-06, 7.083694222080899e-06, 9.503438871636552e-06, 6.422154407753818e-06, 8.919189411212847e-06, 6.446952637531315e-06, 0.00034100987747388275, 4.636181613145216e-06, 1.0991308457413664e-05, 4.844012744494109e-06, 8.561359960821883e-06, 4.403344949479248e-06, 8.863352826072273e-06, 7.5688755733158966e-06, 7.875927242989128e-06, 5.635016672887712e-06, 8.674543983366065e-06, 5.295783043414024e-06, 1.1843864628846403e-05, 5.6417618830083e-06, 1.2456324994736972e-05, 5.830751371148468e-06, 1.0236470858192178e-05, 6.204787215036129e-06, 8.0726505096465e-06, 8.173113984492807e-06, 8.760209911521366e-06, 5.641629147192837e-06, 9.661372086801772e-06, 5.526357707215137e-06
